2 2 2 2 2 2 2 2 2 2 2 2 2 2 2 2 2 2 2 2 2 2 2 2 2 2 2 2 2 2 2 2 2 2 2 2 2 2 2 2 2 2 2 2 2 2 2 2 2 2 2 2 2 2 2 2 20 20 20 20 20 20 20 20 20 20 20 20 20 20 20 20 20 20 20 20 20 20 20 20 20 20 20 20 20 20 20 20 20 20 20 20 20 20 20 20 20 20 20 20 20 20 20 20 20 20 20 20 20 20 20 20 20 19 20 20 20 20 20 20 20 20 20 20 20 20 20 20 20 19 20 20 19 20 20 20 20 20 20 20 20 20 20 20 20 20 20 20 20 20 20 20 19 19 19 20 20 20 20 20
2 2 2 2 2 2 2 11 2 2 11 2 2 2 2 2 2 11 2 2 2 2 2 11 2 2 2 11 2 2 2 11 2 2 2 2 2 2 2 2 2 2 2 2 2 2 2 2 2 2 2 2 2 2 2 2 20 20 20 20 20 20 20 20 19 19 20 20 20 20 20 20 20 20 20 20 20 20 20 20 19 19 19 19 19 20 20 19 19 19 20 20 19 20 19 20 20 20 20 20 20 19 20 20 20 20 20 20 20 20 20 19 19 19 20 20 20 20 20 20 20 19 19 20 20 19 20 20 19 19 19 19 20 20 20 20 19 19 19 19 19 19 20 20 19 19 19 19 20 20 20 20 19 20 20 19 19 20 20 19
2 2 2 11 2 2 2 2 2 2 2 2 2 2 2 2 11 2 2 2 2 2 2 2 2 2 2 2 2 2 2 2 2 2 2 2 2 2 2 2 2 2 11 2 2 2 2 2 2 2 2 2 2 2 2 2 20 20 19 19 20 20 20 20 20 20 20 20 20 20 19 19 19 19 19 19 20 19 19 19 20 20 19 20 20 20 20 20 20 20 20 20 19 20 20 20 20 20 20 19 19 19 19 19 19 20 20 19 19 19 19 19 20 20 20 19 20 19 19 20 19 19 19 20 20 19 19 19 20 19 19 19 19 19 19 19 20 20 19 20 20 20 20 19 20 20 20 20 20 19 20 20 20 20 20 20 20 20 19 19
2 2 2 2 2 2 2 2 2 2 2 2 2 2 2 2 2 2 2 2 2 2 2 2 2 2 2 2 2 2 2 2 2 2 2 11 2 2 2 2 2 2 2 2 2 2 2 2 2 2 2 2 2 2 2 2 20 20 20 20 20 19 19 20 20 20 20 20 20 19 19 19 20 20 20 19 20 19 20 20 20 20 20 20 20 20 20 19 19 19 20 19 19 19 20 19 19 19 19 20 20 20 19 19 20 19 20 20 20 19 20 20 20 19 19 19 20 19 20 20 19 20 19 20 20 19 20 20 20 19 20 20 19 19 20 19 19 20 20 20 19 20 19 20 19 19 20 20 19 19 19 19 20 19 19 20 19 20 19 20
11 2 2 2 2 2 2 2 2 2 2 2 2 2 2 2 2 2 2 2 2 2 2 2 2 2 2 2 12 12 3 4 0 2 2 2 2 2 2 2 2 2 2 2 11 11 2 2 2 2 2 2 2 2 2 2 20 20 20 20 19 20 19 19 20 20 20 20 19 20 20 20 20 20 19 19 20 19 19 19 19 19 20 20 19 20 20 19 20 20 20 20 20 19 20 20 20 20 20 20 20 20 20 19 19 19 19 19 19 20 20 20 20 19 19 19 20 20 20 19 19 20 20 20 19 19 20 19 20 19 20 20 19 19 19 19 19 20 20 20 19 19 19 20 19 19 19 19 19 19 19 19 19 20 20 20 19 19 20 20
11 11 2 2 2 2 2 2 2 2 2 2 2 2 2 2 12 12 12 12 12 12 12 12 12 12 12 12 12 12 8 9 2 2 2 11 2 2 2 11 2 2 2 2 2 2 2 2 2 2 2 2 2 2 2 2 20 19 20 20 19 19 20 20 20 20 19 20 20 19 19 19 20 20 19 20 20 20 20 20 20 20 20 20 20 20 20 20 19 19 19 20 20 20 20 20 20 20 19 20 19 19 19 20 20 20 20 20 19 19 20 20 20 19 19 19 19 19 19 19 20 20 19 19 19 20 20 19 20 20 20 19 19 20 20 19 19 20 20 19 19 20 19 19 19 20 20 20 19 19 19 20 19 19 20 20 19 19 20 20
2 2 2 2 2 2 2 2 11 2 2 2 2 12 12 12 12 12 12 12 12 2 12 12 12 2 12 2 12 12 12 3 4 2 2 2 2 0 2 2 2 2 2 2 2 2 2 2 2 2 2 2 2 2 2 2 20 20 20 19 19 19 20 20 19 19 19 19 19 20 20 20 20 20 20 20 20 20 20 20 20 20 20 20 20 20 20 20 20 20 20 20 20 20 20 20 20 20 20 20 20 20 20 20 20 19 20 20 19 20 19 19 19 20 20 20 20 19 20 20 20 20 20 20 20 20 20 20 20 19 19 20 20 20 20 19 19 20 19 19 19 19 19 19 20 20 20 19 19 20 19 19 19 19 20 20 19 19 20 20
2 2 2 2 2 11 2 2 2 2 2 2 12 12 12 12 12 12 12 12 2 12 12 12 12 12 12 12 12 12 12 8 9 2 11 2 2 12 12 12 2 2 2 2 2 2 2 2 2 2 2 2 2 2 2 2 20 20 20 20 19 20 20 19 19 20 19 19 19 20 14 14 14 14 14 14 14 20 20 20 19 20 20 20 17 15 17 14 14 14 14 14 14 58 57 22 23 14 14 14 14 20 20 20 20 19 20 19 19 20 20 20 20 20 20 20 20 20 20 20 20 20 20 20 20 20 20 20 20 19 19 19 19 19 20 20 20 20 19 19 19 19 20 19 20 20 19 19 19 19 19 20 20 19 20 20 19 19 19 20
2 2 2 2 2 2 2 2 2 2 2 12 12 12 1 12 12 2 12 12 12 12 12 12 12 12 12 12 12 12 12 12 0 2 11 2 0 12 12 12 12 2 2 2 2 2 2 2 2 2 2 2 2 2 2 2 20 20 19 20 20 20 19 20 20 19 20 20 20 20 14 14 14 14 14 14 17 14 20 20 19 20 58 14 56 17 17 14 17 14 14 56 14 22 23 24 25 14 14 14 14 14 14 20 20 20 20 19 20 20 20 20 20 20 20 19 19 19 20 15 15 15 14 15 15 15 15 20 20 19 19 20 20 20 20 20 20 20 20 20 20 20 20 19 20 20 20 20 20 20 20 20 20 20 20 20 19 19 19 20
2 2 2 2 2 2 2 2 2 2 2 12 12 12 12 12 12 12 12 12 12 12 12 12 12 12 12 12 12 12 12 12 2 2 2 0 12 12 12 12 12 12 12 2 2 2 2 2 2 11 2 2 2 2 2 2 20 19 20 20 19 19 20 20 20 19 20 20 20 20 14 56 14 14 14 14 14 14 14 20 20 20 14 14 14 17 14 14 14 14 14 14 14 24 25 58 22 23 14 14 56 14 14 14 20 20 19 19 20 20 20 20 20 20 20 20 20 20 15 15 15 14 14 14 15 15 15 20 20 20 19 20 20 20 15 15 15 15 15 15 15 15 15 15 15 15 15 15 15 15 15 15 20 20 19 19 20 19 20 20
2 2 2 2 2 2 2 2 2 2 12 12 12 12 2 2 12 12 12 12 12 12 12 12 12 12 12 12 12 12 12 12 0 2 2 12 12 12 12 12 12 12 12 1 18 2 2 2 2 2 2 2 2 2 2 2 20 19 20 19 19 20 20 20 19 19 20 20 20 20 14 14 14 30 22 23 14 14 14 20 19 20 14 14 14 17 14 14 14 14 14 14 14 22 23 57 24 25 14 14 14 14 14 14 20 20 19 19 20 20 20 15 15 15 15 15 15 15 15 15 15 15 15 15 15 15 15 29 20 20 19 19 19 19 20 15 15 15 14 15 14 15 15 15 15 14 15 15 15 15 14 15 15 15 20 20 20 19 20 20
2 2 2 2 11 2 2 2 2 2 12 12 12 12 12 12 12 12 12 12 12 12 12 12 12 12 12 12 12 12 12 2 11 2 2 12 12 3 4 12 12 12 12 3 4 3 4 2 2 2 2 2 2 2 2 2 20 20 19 19 19 20 19 19 19 20 20 20 14 14 14 14 14 29 24 25 14 14 14 14 19 19 20 14 14 14 17 17 17 17 14 14 14 24 25 22 23 14 14 14 14 17 14 14 14 20 20 20 20 20 15 15 15 15 15 14 14 15 15 14 14 15 15 15 15 15 15 22 23 20 20 19 20 19 20 20 15 15 14 15 15 15 15 15 15 14 15 15 15 15 14 15 20 20 20 20 19 20 20 20
2 2 2 2 2 2 2 2 2 12 12 12 12 12 11 12 12 12 12 12 12 12 12 12 12 12 12 12 12 12 2 2 2 2 0 12 12 8 9 12 12 12 1 8 9 8 9 1 2 2 2 2 2 2 2 2 20 20 20 19 20 20 19 20 20 20 20 14 14 14 17 14 14 22 23 26 14 56 14 14 20 19 20 14 14 14 17 14 56 14 17 14 14 22 23 24 25 14 56 14 14 14 14 14 14 20 20 19 20 20 15 15 15 15 15 15 15 15 15 15 15 15 15 15 14 15 15 24 25 20 20 20 19 20 20 20 15 15 15 15 15 15 15 22 23 15 15 14 15 15 14 15 20 20 20 19 19 20 19 19
2 2 2 2 2 2 2 2 12 12 12 12 12 12 12 12 12 12 12 12 12 12 12 12 12 12 12 12 12 18 2 2 2 2 12 12 12 12 12 12 3 4 3 4 3 4 3 4 3 4 2 2 11 2 2 2 20 20 20 20 20 20 20 20 20 20 14 14 14 14 14 14 14 24 25 26 14 14 14 14 14 20 20 22 23 14 14 17 14 56 17 14 14 24 25 22 23 14 14 14 14 14 14 14 14 20 20 19 20 20 20 15 15 29 15 15 14 15 15 22 23 15 15 15 14 14 15 15 15 58 20 20 20 20 20 20 20 15 15 15 14 15 29 24 25 58 29 14 15 14 15 15 20 20 19 19 19 19 19 20
2 2 11 2 2 2 2 2 12 12 12 2 12 12 12 12 12 2 12 12 12 12 12 12 12 12 12 12 12 12 2 2 0 12 12 12 12 12 12 10 8 9 8 9 8 9 8 9 8 9 2 2 11 2 2 2 20 20 20 20 19 19 20 20 20 20 14 14 14 14 14 14 14 14 14 14 17 14 14 14 14 20 20 24 25 22 23 17 14 14 14 17 14 14 29 24 25 14 14 22 23 22 23 14 14 20 20 19 19 20 15 15 15 15 15 15 14 14 15 24 25 15 15 15 15 15 15 15 15 30 58 20 20 20 19 19 20 14 14 15 14 22 23 22 23 22 23 15 15 14 15 15 20 19 19 20 19 19 19 19
2 2 2 2 2 2 2 2 12 12 12 12 12 12 12 12 12 12 12 12 12 12 12 12 12 12 12 12 12 18 1 12 12 12 12 12 12 12 1 3 4 3 4 12 12 12 12 3 4 1 2 2 2 2 2 2 20 20 20 19 19 20 20 20 20 20 20 14 17 56 14 26 14 56 14 14 14 14 14 14 14 20 20 20 29 24 25 14 14 14 14 14 17 17 14 14 14 14 14 24 25 24 25 57 14 14 20 20 19 20 20 15 15 15 15 15 15 15 15 15 15 15 15 15 14 15 15 15 15 15 15 20 20 20 19 20 20 14 15 15 15 24 25 24 25 24 25 58 15 14 15 15 20 19 19 20 20 20 20 20
2 2 2 2 2 2 2 2 12 12 12 2 12 12 12 12 12 2 2 12 12 12 12 12 12 12 12 12 3 4 10 12 12 12 12 12 12 12 1 8 9 8 9 12 12 12 12 8 9 18 2 2 2 2 2 2 20 20 19 19 20 20 20 19 20 20 20 14 14 14 14 14 14 14 14 14 14 14 14 56 14 14 20 19 14 14 14 17 56 14 22 23 26 14 17 17 14 14 14 57 22 23 22 23 14 14 19 20 20 19 19 15 15 15 15 15 15 15 15 14 15 15 15 15 14 14 15 15 15 15 15 15 20 20 20 19 19 15 15 15 15 29 22 23 22 23 22 23 15 14 15 15 20 19 20 19 19 19 20 20
2 2 2 2 2 11 2 2 2 12 12 12 12 12 2 12 12 12 12 12 12 12 12 12 12 3 4 18 8 9 1 12 12 12 12 12 12 12 12 11 3 4 10 12 12 12 12 3 4 3 4 2 2 2 2 2 20 20 20 19 20 19 20 19 19 20 20 14 14 14 14 14 14 14 14 17 14 14 17 14 14 14 20 19 56 14 14 14 14 14 24 25 22 23 14 14 17 14 14 14 24 25 24 25 14 14 19 20 20 19 20 20 15 15 15 15 15 15 15 14 15 15 15 15 15 15 15 14 14 15 15 15 20 20 20 19 19 20 15 15 15 15 24 25 24 25 24 25 15 14 14 15 19 19 19 19 19 19 19 20
2 2 2 2 2 11 2 2 2 12 12 12 12 12 12 12 12 12 12 12 12 12 12 12 2 8 9 3 4 1 12 12 12 12 12 12 12 12 12 18 8 9 3 4 12 12 12 8 9 8 9 2 2 11 2 2 20 20 19 20 19 19 19 20 19 20 20 14 14 14 14 14 14 17 17 17 14 17 17 17 17 14 58 20 14 14 17 14 14 14 20 29 24 25 14 14 17 17 14 14 14 14 14 14 17 14 20 20 20 19 19 20 15 15 15 29 15 15 15 15 15 15 14 15 15 15 15 15 15 15 15 15 15 20 20 19 20 20 15 15 14 14 15 15 15 15 15 14 15 14 14 15 20 20 19 19 19 19 20 20
2 2 2 2 2 2 2 2 2 2 12 12 2 12 12 12 12 12 12 12 12 12 61 62 12 12 12 8 9 10 12 12 5 6 7 12 12 12 12 12 3 4 8 9 12 12 12 3 4 3 4 2 2 2 2 2 20 20 20 19 19 20 20 19 20 20 20 14 14 16 14 17 17 14 14 14 14 14 14 14 14 14 14 20 14 56 14 17 14 17 19 20 14 56 14 14 14 17 17 14 14 14 14 14 14 14 20 20 19 20 19 20 15 15 15 15 15 15 15 14 15 15 15 15 15 15 15 15 15 14 14 15 15 15 20 20 19 20 15 15 14 14 15 15 15 15 14 15 15 15 15 15 20 19 19 19 19 20 20 20
2 2 2 2 2 2 2 2 2 2 12 12 12 12 12 12 12 12 12 12 11 12 61 12 12 12 12 3 4 12 12 12 39 40 41 63 64 65 12 12 8 9 3 4 12 12 18 8 9 8 9 2 2 2 2 2 20 20 20 19 20 20 20 19 20 20 20 14 14 14 14 14 14 14 14 14 56 14 14 14 17 17 14 14 14 14 14 14 14 14 20 19 14 14 14 14 14 17 56 14 14 14 14 14 14 14 20 20 20 20 15 15 15 14 15 15 15 15 15 14 15 15 15 15 15 15 15 14 15 15 14 15 15 15 20 20 19 20 15 15 15 14 15 15 15 15 14 15 15 15 14 15 20 20 20 19 19 19 19 20
2 2 2 2 2 2 2 2 2 2 12 12 12 12 12 12 12 12 12 12 12 12 62 61 12 12 12 8 9 12 12 1 42 12 43 66 12 67 12 12 12 2 8 9 12 12 3 4 3 4 1 2 2 2 2 2 20 20 19 19 19 19 20 19 19 20 20 14 56 14 14 14 14 14 14 14 14 22 23 14 14 17 14 14 14 17 14 14 56 14 20 19 14 14 14 22 23 14 17 56 14 56 17 14 14 14 20 20 20 15 15 15 15 15 15 15 15 14 15 15 15 15 15 29 15 15 15 15 15 15 15 14 15 15 15 20 20 20 15 15 15 14 14 15 15 14 15 15 15 15 14 15 20 20 20 19 20 20 20 20
2 11 2 2 2 2 2 2 2 12 12 12 12 12 12 12 12 12 12 12 12 12 12 12 61 12 12 12 3 4 12 12 12 62 12 61 12 12 12 12 12 12 1 2 12 12 8 9 8 9 18 2 2 2 2 2 20 19 19 20 19 20 20 19 19 19 19 14 14 14 17 14 14 14 14 14 17 24 25 14 14 14 14 14 17 14 14 17 14 14 20 19 14 17 14 24 25 14 17 14 14 17 14 17 17 21 15 15 15 15 15 14 15 15 15 14 14 14 14 15 15 14 15 15 15 15 14 14 15 15 15 14 15 15 15 15 20 20 15 15 15 14 14 14 15 15 15 15 15 15 15 15 20 20 19 19 19 20 20 20
2 2 2 2 2 2 2 2 2 12 12 12 63 64 65 12 12 12 12 1 12 12 12 62 61 12 12 12 8 9 12 12 2 12 61 62 12 12 12 12 12 12 12 13 12 12 18 2 2 2 2 2 2 11 2 2 20 19 20 20 20 19 19 20 19 20 19 14 26 14 14 14 14 14 14 14 14 20 20 14 14 14 17 14 14 14 14 17 14 14 20 19 56 14 14 14 14 14 17 56 17 14 14 14 14 14 20 20 20 15 15 14 15 15 15 15 15 15 14 15 15 14 15 15 15 15 14 15 15 15 15 14 14 15 15 15 20 20 15 15 14 14 15 15 15 15 15 15 14 15 15 15 20 20 19 20 20 19 19 20
2 2 2 2 2 2 2 2 2 2 12 12 66 12 67 12 12 12 12 12 12 12 2 12 62 62 12 12 12 12 12 12 12 12 61 62 12 12 12 12 12 12 12 12 12 12 2 2 2 2 2 2 2 2 2 2 20 19 20 19 19 20 20 19 19 20 20 14 14 14 14 14 26 14 14 14 58 20 19 14 14 14 17 17 14 26 14 14 14 30 20 20 14 14 14 14 14 14 17 17 14 14 26 14 14 14 20 20 19 15 15 15 15 15 15 15 15 15 15 15 15 15 15 14 15 15 15 15 15 14 15 15 14 15 15 15 15 15 15 15 14 15 14 14 15 15 15 14 14 15 15 15 20 20 19 19 19 20 19 20
2 2 2 2 2 2 11 2 2 2 12 12 61 61 62 12 12 12 12 12 12 12 12 12 12 61 61 12 12 61 61 62 61 62 61 12 12 12 12 12 12 12 12 12 12 12 2 2 2 2 2 2 2 2 2 2 20 19 20 20 19 20 20 19 20 20 20 14 14 14 14 22 23 30 14 14 20 20 19 14 14 14 17 17 14 17 14 14 14 20 20 19 14 14 17 14 14 14 17 14 14 14 14 14 14 14 20 20 19 20 15 15 15 15 14 15 15 15 15 15 15 15 15 15 20 15 15 15 15 15 29 15 15 15 15 15 15 15 15 15 15 15 14 15 15 14 14 14 15 15 15 15 20 20 20 19 20 19 19 20
2 2 2 2 2 2 2 2 2 2 12 12 12 61 62 12 12 12 12 2 12 12 12 12 12 61 62 12 12 62 12 12 12 12 12 12 12 2 12 12 12 12 12 12 12 12 2 2 2 11 2 2 2 2 2 2 20 20 20 19 19 20 20 19 20 20 20 20 14 14 14 24 25 22 23 14 20 20 20 14 56 14 14 14 14 56 14 14 14 20 19 19 14 14 14 14 14 14 14 14 14 14 14 14 14 17 19 19 20 20 15 15 14 15 14 15 15 15 15 15 15 15 15 20 20 20 15 15 15 15 15 15 15 14 15 14 15 14 14 15 15 15 15 15 15 15 15 15 15 15 15 15 20 20 20 19 20 19 20 19
2 2 2 2 11 2 2 2 2 2 2 0 2 12 62 61 12 2 12 12 12 10 3 4 12 12 62 61 62 62 12 2 12 12 12 12 12 12 12 12 12 12 3 4 12 12 2 2 2 2 2 2 2 2 2 2 20 20 20 19 20 20 19 19 20 20 20 20 14 14 14 14 29 24 25 14 20 20 20 14 14 14 22 23 14 14 14 17 14 20 20 20 14 14 56 14 58 14 14 14 14 14 22 23 14 14 20 19 20 20 15 15 15 15 15 15 15 15 29 15 15 15 20 20 19 20 15 15 15 15 15 15 15 14 15 15 15 15 14 14 15 15 15 15 15 15 15 15 15 15 20 20 20 19 19 19 19 20 20 19
2 2 2 2 2 2 2 2 2 2 12 12 2 12 12 61 12 12 12 12 3 4 8 9 12 12 61 61 61 12 12 12 12 12 12 12 12 12 12 12 12 12 8 9 12 12 2 2 2 2 2 2 2 2 2 2 20 20 20 19 20 20 19 19 20 20 20 20 14 14 14 56 14 14 14 14 19 20 20 14 14 14 24 25 29 14 14 14 14 20 19 20 14 14 14 14 14 14 56 14 14 14 24 25 14 14 20 20 20 20 20 15 15 15 15 15 15 15 15 15 15 20 19 19 20 20 15 15 15 15 15 15 15 14 14 15 15 15 15 15 15 15 14 15 15 15 15 15 29 15 20 19 20 20 20 19 19 19 20 19
2 2 2 2 2 2 2 2 2 2 12 12 2 10 12 61 61 2 12 12 8 9 3 4 12 12 12 12 62 12 12 12 12 12 12 12 12 12 12 12 12 12 12 12 12 12 2 2 2 2 2 2 2 2 2 2 20 19 20 20 20 20 19 20 20 20 19 19 14 14 14 14 14 17 14 14 19 20 20 14 14 14 30 22 23 26 14 56 14 20 19 14 14 17 14 14 14 14 14 14 17 14 14 14 14 14 20 20 20 19 20 15 15 14 15 14 15 15 15 15 15 20 19 20 20 20 15 15 14 14 15 15 15 14 14 15 15 15 14 15 15 15 14 14 15 15 15 15 15 15 20 19 20 20 19 19 19 19 20 20
2 2 2 2 2 2 2 2 2 2 12 12 12 12 12 12 62 61 12 2 12 1 8 9 10 12 12 12 12 12 63 64 65 12 12 12 12 12 12 12 12 12 12 12 12 2 2 2 2 2 2 2 2 2 2 2 20 19 20 20 19 19 19 20 20 20 19 19 20 14 14 14 14 17 14 14 20 20 20 14 17 14 14 24 25 26 14 14 20 20 20 14 14 14 14 14 17 14 14 14 14 14 14 14 17 14 20 20 19 19 20 15 15 14 14 15 14 15 15 15 15 20 19 20 20 15 15 15 14 15 15 14 15 15 15 15 15 14 14 15 15 15 14 14 15 15 15 15 15 15 20 20 19 20 20 19 19 19 19 19
2 2 2 2 11 2 2 2 2 2 12 12 12 12 12 12 12 61 62 12 12 12 3 4 18 12 12 12 61 62 66 12 67 12 12 12 12 12 12 2 12 12 12 12 12 2 2 2 2 2 11 2 2 2 2 2 20 19 20 20 20 19 20 19 19 19 20 19 20 20 20 20 14 14 14 14 20 19 20 14 14 14 56 14 26 26 14 14 20 19 20 17 14 14 14 14 14 14 14 14 14 14 56 14 14 14 20 20 20 20 20 15 15 15 15 15 14 15 15 15 20 20 19 20 15 15 15 15 14 15 15 15 14 15 15 15 15 15 15 15 15 15 14 15 15 15 15 15 15 15 20 20 19 20 20 19 19 20 20 20
2 2 2 11 2 2 2 2 2 2 12 2 11 12 12 12 12 12 62 61 62 12 8 9 3 4 12 12 61 12 61 62 12 12 12 12 12 12 12 12 12 12 12 2 2 2 2 2 2 2 11 2 2 2 2 2 20 19 20 20 19 19 20 19 19 19 20 19 20 20 20 20 20 20 14 14 20 20 19 20 14 14 14 56 14 14 14 20 19 19 20 14 14 56 14 14 14 14 14 17 14 14 14 14 14 20 20 20 20 19 20 15 15 15 15 15 15 15 15 15 20 20 20 15 15 15 15 15 15 15 15 15 15 15 22 23 58 15 15 15 15 15 14 15 15 14 14 15 15 15 20 20 20 20 20 19 20 19 20 20
2 2 2 2 2 2 2 2 2 2 2 12 12 12 12 12 12 12 12 12 12 62 12 1 8 9 12 12 61 61 61 61 12 12 12 12 2 12 12 12 12 12 2 2 2 2 2 2 2 2 2 2 2 2 2 2 20 19 19 20 20 20 19 20 19 20 20 19 20 20 20 19 20 20 20 20 20 19 19 20 14 14 14 14 56 14 14 20 20 20 14 14 14 17 14 22 23 30 14 14 14 14 14 14 20 20 20 20 20 20 20 15 15 15 15 14 14 15 15 20 20 20 19 15 15 14 14 15 15 14 15 15 15 29 24 25 22 23 15 15 15 15 14 15 15 15 14 14 15 15 20 20 20 20 20 20 19 19 19 20
2 2 2 2 2 2 2 2 2 2 2 12 2 2 12 12 12 63 64 65 12 12 61 61 12 18 12 12 12 61 62 61 12 12 12 12 12 12 12 12 12 2 2 2 2 2 2 2 2 2 2 2 2 2 2 2 20 20 20 20 20 20 20 19 19 20 19 19 20 20 19 20 19 20 20 20 20 20 19 20 20 20 14 14 14 14 19 19 20 20 14 14 14 14 14 24 25 14 14 14 14 17 14 14 20 20 20 19 20 20 15 15 15 15 15 15 14 15 15 20 20 19 20 20 15 14 15 14 15 15 15 15 15 30 22 23 24 25 15 15 15 14 15 15 15 15 15 15 15 15 20 19 20 19 19 19 19 20 19 20
2 2 2 2 2 2 2 2 2 2 2 0 0 12 12 12 12 66 12 67 12 12 12 62 12 12 12 12 12 61 61 12 12 11 12 12 12 12 12 12 2 2 2 2 2 11 11 2 2 2 2 2 2 2 2 2 20 20 20 19 20 20 20 20 19 20 19 19 20 19 19 19 19 19 19 20 20 20 19 20 20 20 20 20 14 14 19 20 20 14 14 17 14 14 14 14 14 14 14 14 14 14 19 20 20 19 19 20 20 15 15 15 22 23 15 15 15 15 15 20 20 19 20 20 15 15 15 15 15 15 15 15 15 15 24 25 30 15 15 15 15 14 15 15 15 15 15 14 14 15 19 20 20 20 20 19 19 20 19 20
2 2 2 2 2 2 2 2 2 2 2 2 0 0 2 12 12 10 62 61 12 12 12 62 12 12 12 12 12 12 62 12 12 12 12 12 12 12 12 2 2 2 2 2 2 2 2 2 2 2 2 2 2 2 2 2 20 20 20 20 20 20 20 20 20 20 19 19 20 20 19 19 19 20 20 19 20 20 19 19 20 20 20 20 20 20 20 20 20 14 14 14 14 14 14 14 14 14 14 26 14 14 19 20 19 19 20 20 15 15 15 15 24 25 58 15 15 15 15 15 20 19 20 20 15 15 15 15 15 15 15 15 15 15 15 15 15 15 15 15 15 15 15 29 15 15 15 15 14 15 19 20 20 20 19 20 19 19 19 19
2 2 2 2 2 2 2 2 11 2 2 2 2 12 12 12 12 12 12 62 61 61 61 62 12 12 12 12 12 62 12 12 12 12 12 2 2 2 2 2 2 2 2 2 2 2 2 2 2 2 2 2 2 2 2 2 20 20 20 20 19 20 20 20 20 19 20 20 20 20 19 19 20 20 20 20 19 20 20 19 19 20 19 19 20 20 20 20 20 20 14 14 14 26 14 14 14 17 14 14 14 20 20 19 19 20 20 15 15 15 15 22 23 22 23 15 15 15 14 15 20 20 19 20 15 15 15 15 15 15 15 15 15 15 15 15 15 15 15 15 14 15 15 15 15 15 14 15 15 15 20 20 20 20 19 19 20 19 20 20
2 2 2 2 11 2 2 2 2 2 2 2 2 2 12 12 12 12 12 12 62 61 61 12 12 12 12 12 61 62 12 12 2 2 2 2 2 2 2 2 2 2 2 2 2 2 2 2 2 2 2 2 2 2 2 2 20 20 19 20 19 20 20 20 19 20 20 20 19 20 20 19 19 20 20 20 20 19 19 20 20 20 20 20 20 20 20 20 20 20 14 14 14 14 14 14 14 14 14 14 20 20 20 20 20 20 20 15 15 15 15 24 25 24 25 15 15 15 15 15 20 20 19 20 15 15 15 15 15 14 14 15 15 15 15 15 14 14 14 14 15 15 15 15 14 15 14 15 15 15 20 20 20 19 20 19 20 20 20 19
2 2 2 2 11 2 2 2 2 2 2 2 2 2 2 12 12 12 12 12 62 12 62 62 12 12 12 12 12 62 12 12 2 2 2 2 2 2 2 2 2 2 2 2 2 2 2 2 2 2 2 2 2 2 2 2 20 20 19 20 19 19 19 19 19 20 20 19 19 20 20 19 20 20 20 20 19 19 20 19 20 20 19 19 19 19 19 20 20 20 20 14 14 14 14 14 14 14 14 20 20 20 19 20 20 20 15 15 15 14 15 15 15 15 15 15 29 15 15 15 20 20 19 20 20 15 15 15 29 15 14 15 14 15 15 15 15 15 15 14 15 14 15 15 15 15 15 15 15 15 20 19 19 19 20 19 19 20 19 19
2 2 11 2 2 2 2 2 2 2 2 2 2 2 2 2 2 12 12 12 12 12 12 12 12 62 61 61 62 61 61 12 12 0 2 2 2 2 2 2 2 2 2 11 2 2 2 2 2 11 2 2 2 2 2 2 20 20 19 20 20 20 20 19 19 20 19 19 19 19 20 20 20 20 19 19 19 19 20 20 20 20 20 20 20 20 20 19 19 20 20 20 20 14 17 14 14 14 20 20 20 19 20 19 15 15 15 15 14 14 15 15 15 15 15 15 15 15 15 15 20 20 20 20 20 15 15 15 15 15 15 15 14 15 15 15 15 15 15 15 15 15 15 15 15 15 15 15 15 20 20 19 20 20 19 19 19 20 19 20
2 2 2 2 2 2 2 2 2 2 2 2 2 2 2 2 2 2 2 2 12 12 12 12 12 12 12 12 12 61 62 61 61 12 0 10 2 2 2 2 2 2 2 11 11 2 2 2 2 2 2 2 2 2 2 2 20 20 19 20 20 19 20 20 20 20 20 20 20 19 20 20 20 20 19 19 20 19 19 19 20 20 20 20 20 19 19 20 19 20 20 19 19 19 20 20 20 20 20 19 19 19 20 19 15 15 15 15 15 15 15 15 15 15 14 15 15 14 15 15 20 20 19 19 20 20 15 15 15 15 15 15 15 15 15 15 15 20 15 15 20 15 14 15 15 15 20 20 20 20 20 20 20 20 20 20 20 20 19 20
2 2 2 2 2 2 2 2 2 2 2 2 2 2 2 2 2 2 2 2 2 2 2 10 0 12 12 12 12 12 12 12 12 61 12 12 12 2 2 2 2 2 2 2 2 2 2 2 2 2 2 11 2 2 2 2 20 20 20 20 20 19 19 20 20 20 20 19 19 19 19 19 19 19 19 19 19 20 20 20 19 20 20 20 19 19 19 19 19 19 20 20 20 20 19 19 19 20 20 19 19 20 20 15 15 15 15 15 15 15 15 15 15 15 15 15 15 15 15 15 15 20 19 19 20 20 20 15 15 20 20 20 20 20 20 20 20 20 27 28 20 20 20 20 20 20 20 20 20 20 20 19 19 20 20 20 19 19 19 20
2 2 2 2 2 2 2 2 2 2 2 2 11 11 2 2 2 2 2 2 2 2 2 2 2 2 2 2 2 0 12 12 62 61 62 12 12 0 2 2 2 2 2 2 2 2 2 2 2 2 2 11 2 2 2 2 20 20 19 20 20 19 19 20 20 20 20 19 19 20 19 19 20 20 20 20 19 19 19 19 19 20 19 19 19 20 19 19 20 20 20 20 20 19 20 20 20 20 20 19 19 20 20 20 20 20 20 20 20 15 15 15 15 20 20 20 20 20 20 20 20 20 20 20 19 20 20 20 20 20 20 19 20 20 20 20 20 20 20 20 20 20 20 20 20 20 20 20 20 19 20 19 20 20 20 20 20 19 19 20
2 2 2 2 11 2 2 2 2 2 2 11 2 2 2 2 2 2 2 2 2 2 2 2 2 2 2 2 2 2 2 0 12 12 62 12 12 12 2 2 2 2 2 2 2 2 11 2 2 2 2 2 2 2 2 2 20 20 19 20 19 19 20 20 20 20 19 19 19 20 20 19 20 20 19 20 20 20 20 20 20 20 20 19 20 19 20 19 19 19 20 20 20 19 19 19 19 20 19 19 20 20 20 20 20 20 20 20 20 20 20 20 20 20 20 20 19 19 20 20 20 20 19 19 20 20 19 19 20 20 20 19 19 20 20 20 20 20 20 19 19 20 20 19 20 20 19 19 20 19 20 20 20 20 19 20 20 20 20 20
2 2 2 2 2 2 2 2 2 2 2 11 2 2 2 2 2 2 11 2 2 2 2 2 2 2 2 2 2 2 2 2 12 12 61 62 12 12 12 2 2 2 2 2 2 2 2 2 2 11 11 2 2 2 2 2 20 20 20 20 20 20 19 20 20 19 20 19 20 19 20 19 20 20 19 19 20 20 20 20 20 20 20 20 20 19 20 20 20 20 20 19 19 20 20 20 19 19 19 19 20 20 19 20 20 20 20 20 20 20 20 20 19 20 20 20 19 20 20 20 20 20 19 19 20 19 19 20 20 20 20 19 19 19 19 19 19 19 19 20 19 20 20 19 19 19 19 19 19 19 19 20 19 19 19 19 19 20 20 20
2 2 2 2 2 2 2 2 2 2 2 2 2 2 2 2 2 2 2 2 2 2 2 2 2 2 2 2 2 2 2 2 2 12 12 12 61 62 12 12 2 2 2 2 2 2 2 2 2 2 2 2 2 2 2 2 20 19 20 20 19 19 19 20 19 19 20 20 20 19 20 20 20 20 20 19 19 20 20 19 20 20 20 20 20 20 19 19 20 19 19 19 19 20 20 20 19 20 20 19 20 19 20 19 20 20 19 19 19 20 20 20 20 20 20 20 20 19 19 19 19 19 19 19 20 20 20 19 20 20 20 19 19 19 20 20 20 19 19 20 20 19 19 20 20 20 20 19 19 20 20 19 19 19 20 19 20 20 20 19
2 2 2 2 2 2 2 2 2 2 2 2 2 2 2 2 2 2 2 2 2 2 2 2 2 2 2 2 2 2 2 2 2 2 0 12 61 12 12 2 2 2 2 2 2 2 2 2 2 2 2 2 2 2 2 2 19 20 20 19 20 20 20 20 20 20 20 20 20 20 19 19 19 20 20 20 20 20 20 19 19 20 20 20 20 20 19 19 20 20 20 19 20 20 20 20 20 20 19 20 20 19 20 19 19 19 19 20 19 20 19 20 20 20 19 19 20 20 20 19 19 20 20 20 20 20 20 19 20 20 20 20 20 20 20 19 20 20 20 19 19 19 19 19 19 19 20 20 20 20 20 20 20 19 20 19 20 19 19 19
2 2 2 2 11 2 2 2 2 2 2 2 2 2 2 2 2 2 2 2 2 2 2 2 2 11 11 2 2 2 2 2 2 2 2 12 12 62 12 2 2 2 2 2 2 2 11 11 2 2 2 2 2 2 2 2 19 20 19 19 19 19 20 20 19 20 20 20 20 20 19 19 19 19 20 20 20 20 20 20 20 19 19 19 19 19 19 20 20 20 19 19 20 20 19 20 20 19 19 19 20 19 20 20 20 19 19 20 20 20 19 19 19 19 19 19 20 20 20 19 19 19 20 20 20 19 20 20 19 19 20 20 20 20 20 19 20 19 19 20 19 20 20 19 19 19 20 19 20 20 20 19 19 20 19 19 19 20 20 20
2 2 2 2 11 2 2 2 2 2 2 2 2 2 2 2 11 2 2 2 2 2 2 2 2 2 2 2 2 2 2 2 2 2 2 2 2 12 61 12 2 2 2 2 2 2 2 11 2 2 2 2 2 2 2 2 19 19 19 20 20 20 20 19 19 19 19 20 20 20 20 20 20 19 20 20 19 20 20 20 20 20 19 19 19 20 20 20 20 20 20 20 19 20 20 19 19 19 19 19 19 19 20 20 20 19 20 20 20 20 20 19 19 19 20 20 20 20 20 19 19 19 19 19 19 20 20 19 19 20 19 19 19 19 19 20 19 19 19 19 19 20 19 20 20 19 19 20 20 20 20 19 20 20 19 20 20 20 20 19
2 2 2 2 2 2 2 2 2 2 2 2 2 2 2 2 2 2 2 2 2 2 2 2 2 2 2 2 2 11 2 2 2 2 2 2 2 12 12 12 2 2 2 2 2 2 2 2 2 11 11 11 11 11 2 2 19 19 20 20 20 20 19 19 19 19 19 19 19 19 20 20 20 20 19 19 20 19 19 19 19 19 19 19 19 19 20 20 20 20 20 19 19 20 20 20 19 20 19 19 19 19 19 20 20 20 20 20 20 20 19 19 19 19 20 20 20 20 19 20 20 20 19 19 19 19 19 20 20 20 20 19 20 19 20 20 20 19 19 20 19 19 20 20 20 19 19 19 19 20 20 20 20 20 20 20 20 20 20 20
2 2 2 2 2 2 2 2 2 2 2 2 2 2 2 2 2 2 2 2 2 11 2 2 2 2 2 2 2 2 2 2 2 2 2 2 2 12 62 12 2 2 2 2 2 2 2 2 2 2 2 2 2 2 2 2 19 20 20 20 20 20 20 20 20 20 20 20 20 20 20 20 20 20 20 20 20 20 20 20 20 20 20 20 20 20 20 20 19 19 20 20 20 20 20 20 20 20 19 19 19 19 20 20 20 20 20 20 19 20 20 20 20 20 20 19 19 19 20 20 20 20 20 20 20 20 20 20 20 19 20 20 20 20 20 19 19 20 20 20 20 20 19 19 20 20 20 20 20 20 20 20 20 20 20 20 20 20 20 20
2 2 2 2 2 2 2 2 2 2 2 2 2 2 2 2 2 2 2 2 2 2 2 2 2 2 2 2 2 2 2 2 2 2 3 4 2 12 62 12 2 12 2 2 2 2 2 2 2 2 2 2 2 2 2 2 20 19 20 20 20 20 20 20 20 20 20 20 20 20 20 20 20 20 20 20 20 20 20 20 20 20 20 20 20 20 20 20 20 20 20 20 20 20 20 20 20 20 20 20 20 19 20 20 20 20 20 20 19 19 20 20 20 19 19 19 19 20 20 20 20 19 20 20 20 20 20 19 19 19 20 20 20 20 20 20 20 20 19 19 19 20 20 19 19 20 20 20 20 20 20 20 20 20 20 20 20 20 20 20
2 2 2 2 2 2 2 2 2 2 2 2 2 2 2 2 2 2 2 2 2 2 2 2 2 2 2 2 2 2 2 2 12 12 8 9 12 12 12 12 12 12 12 12 12 2 2 2 2 2 2 2 2 2 2 2 33 33 33 33 33 33 33 33 33 33 33 33 33 33 33 33 33 33 33 33 33 33 33 33 33 33 33 33 33 33 33 33 33 33 33 33 33 33 33 33 33 33 33 33 33 33 33 33 33 33 33 33 33 33 33 33 33 33 33 33 33 33 33 33 33 33 33 33 33 33 33 33 33 33 33 33 33 33 33 33 44 45 27 28 45 44 33 33 33 33 33 33 33 33 33 33 33 33 33 33 33 33 33 33
2 2 2 2 2 2 2 2 2 2 2 2 2 2 2 11 2 2 2 2 2 2 2 2 2 2 2 2 12 12 12 12 12 12 12 12 12 12 62 12 61 12 12 12 12 12 12 2 2 2 2 2 2 2 2 2 33 33 33 33 33 33 33 33 33 33 33 33 33 33 33 33 33 33 33 33 33 33 33 33 33 33 33 33 33 33 33 33 33 33 33 33 33 33 33 33 33 33 33 33 33 33 33 33 33 33 33 33 33 33 33 33 33 33 33 33 33 33 33 33 33 32 32 32 32 32 32 32 31 32 31 32 31 32 32 32 32 32 32 32 32 32 32 32 32 32 47 33 33 33 33 33 33 33 33 33 33 33 33 33
2 2 2 11 2 2 2 2 11 2 2 2 2 2 2 2 2 2 2 2 2 12 12 12 12 12 12 12 12 12 12 12 12 12 12 12 12 18 12 62 61 12 12 12 12 12 12 12 2 2 2 2 2 2 2 2 33 33 33 33 33 33 33 33 33 33 33 33 33 33 33 33 33 33 33 33 33 33 33 33 33 33 33 33 33 33 33 33 33 33 33 33 33 33 33 33 33 33 33 33 33 33 33 33 33 33 33 33 33 33 33 33 33 33 33 33 33 33 33 33 33 32 32 32 32 32 32 32 32 32 32 32 32 32 32 32 32 32 32 32 32 32 32 32 32 32 46 33 33 33 33 33 33 33 33 33 33 33 33 33
2 2 2 2 2 2 2 2 11 2 2 2 2 2 2 2 2 2 2 12 12 12 12 12 12 12 12 12 12 12 12 12 12 12 12 12 12 2 2 12 62 61 12 12 12 10 12 12 12 12 2 2 2 2 2 2 33 33 33 33 33 33 33 33 33 33 33 33 33 33 33 33 33 33 33 33 33 33 33 33 33 33 33 33 33 33 33 33 33 33 33 33 33 33 33 33 33 33 33 33 33 33 33 33 33 33 33 33 33 33 33 33 33 33 33 33 33 33 33 33 33 32 32 32 32 32 32 32 32 32 32 32 32 32 32 32 32 34 34 34 34 32 32 32 32 32 47 33 33 33 33 33 33 33 33 33 33 33 33 33
2 2 2 2 2 2 2 2 2 2 2 2 2 2 2 2 2 2 12 12 12 12 12 12 12 12 12 12 12 12 12 12 2 12 12 12 12 2 2 12 61 62 12 12 12 12 12 12 12 12 12 2 2 2 2 2 33 33 33 33 33 33 33 33 33 33 33 33 33 33 33 33 33 33 33 33 33 33 33 33 33 33 33 33 33 33 33 33 33 33 33 33 33 33 33 33 33 33 33 33 33 33 33 33 33 33 33 33 33 33 33 33 33 33 33 33 33 33 33 33 33 38 32 32 32 32 32 32 32 32 32 32 32 32 32 32 32 34 34 34 34 32 32 32 32 32 46 33 33 33 33 33 33 33 33 33 33 33 33 33
2 2 2 2 2 2 2 2 2 2 2 2 2 2 2 2 2 2 12 12 12 12 2 12 12 10 12 12 12 12 12 12 2 2 12 12 12 2 12 62 61 12 12 12 2 12 12 12 12 12 12 2 2 2 2 2 33 33 33 33 33 33 33 33 33 33 33 33 33 33 33 33 33 33 33 33 33 33 33 33 33 33 33 33 33 33 33 33 33 33 33 33 33 33 33 33 33 33 33 33 33 33 33 33 33 33 33 33 33 33 33 33 33 33 33 33 33 33 33 33 33 38 32 32 32 32 32 32 32 32 32 32 32 32 32 32 32 34 34 34 34 32 32 32 32 32 47 33 33 33 33 33 33 33 33 33 33 33 33 33
2 2 2 2 11 2 2 11 2 2 2 2 2 2 2 2 2 2 12 12 12 18 12 12 3 4 61 61 62 61 62 61 12 2 2 12 12 12 12 62 61 12 12 12 12 11 12 12 12 12 12 12 2 2 2 2 33 33 33 33 33 33 33 33 33 33 33 33 33 33 33 33 33 33 33 33 33 33 33 33 33 33 33 33 33 33 33 33 33 48 48 33 33 33 33 33 33 33 33 33 33 33 33 33 33 33 33 33 33 33 33 33 33 33 33 33 33 33 33 33 33 38 32 32 32 32 32 32 32 32 32 32 32 32 32 32 32 34 34 34 34 32 32 32 32 32 46 33 33 33 33 33 33 33 33 33 33 33 33 33
2 2 2 2 2 2 2 2 2 2 2 2 2 11 2 2 2 2 12 12 12 12 12 12 8 9 62 61 61 12 61 12 12 2 2 12 12 12 12 61 61 12 12 12 12 12 12 12 12 12 12 12 2 2 2 2 33 33 33 33 33 33 33 33 33 33 33 33 33 33 33 33 33 33 33 33 33 33 33 33 33 33 33 33 33 48 33 48 48 33 33 33 33 33 33 33 33 33 33 33 33 33 33 33 33 33 33 33 33 33 33 33 33 33 33 33 33 33 33 33 33 32 32 32 32 32 32 34 34 34 34 34 34 34 34 34 34 34 34 34 34 32 32 32 32 32 32 33 33 33 33 33 33 33 33 33 33 33 33 33
2 2 2 2 2 2 2 2 2 2 2 2 2 11 2 2 2 12 12 12 12 2 12 12 12 11 2 12 12 12 12 12 2 2 12 12 12 12 12 12 61 62 12 2 12 12 12 3 4 12 12 12 2 2 2 2 33 33 33 33 33 33 33 33 33 33 33 33 33 33 33 33 33 33 33 33 33 33 33 33 33 33 33 48 48 48 48 33 33 33 33 33 33 33 33 33 33 33 33 33 33 33 33 33 33 33 33 33 33 33 33 33 33 33 33 33 33 33 33 33 33 32 32 32 32 32 32 34 34 34 34 34 34 34 34 34 34 34 34 34 34 32 32 32 32 32 32 33 33 33 33 33 33 33 33 33 33 33 33 33
2 2 2 2 2 2 2 2 2 2 2 2 2 2 2 2 2 12 12 12 12 12 12 12 12 12 2 12 12 2 18 2 2 12 11 12 12 2 12 62 61 61 12 12 12 12 12 8 9 12 12 12 2 2 2 2 33 33 33 33 33 33 33 33 33 33 33 33 33 33 33 33 33 33 33 33 33 33 33 33 48 48 48 33 48 48 33 33 33 33 33 33 33 33 33 33 33 33 33 33 33 33 33 33 33 33 33 33 33 33 33 33 33 33 33 33 33 33 33 33 33 32 32 32 32 32 32 34 34 34 34 34 34 34 34 34 34 34 34 34 34 32 32 32 32 32 32 33 33 33 33 33 33 33 33 33 33 33 33 33
2 2 2 2 2 2 2 2 2 2 2 2 2 2 2 2 2 12 12 12 12 12 12 12 12 12 12 62 61 12 2 12 12 12 12 12 12 12 12 12 12 61 12 12 12 12 12 12 12 12 12 12 2 2 2 2 33 33 33 33 33 33 33 33 33 33 33 33 33 33 33 33 33 33 33 48 48 48 48 48 33 33 33 48 33 33 33 33 33 33 33 33 33 33 33 33 33 33 33 33 33 33 33 33 33 33 33 33 33 33 33 33 33 33 33 33 33 33 33 33 33 32 32 32 32 32 32 34 34 34 34 34 34 34 34 34 34 34 34 34 34 32 32 32 32 32 32 33 33 33 33 33 33 33 33 33 33 33 33 33
2 2 2 11 11 2 2 2 2 2 2 2 2 2 2 2 2 2 12 12 12 12 12 12 12 2 12 12 62 61 61 12 12 12 12 12 12 12 12 1 61 62 2 12 12 12 12 12 12 12 12 12 2 2 2 2 33 33 33 33 33 33 33 33 33 33 33 33 33 33 33 33 33 33 33 48 33 33 33 33 33 48 48 33 33 33 33 33 33 33 33 33 33 33 33 33 33 33 33 33 33 33 33 33 33 33 33 33 33 33 33 33 33 33 33 33 33 33 33 33 33 32 32 32 32 32 32 34 34 34 34 32 32 32 32 32 32 32 32 32 32 32 32 32 32 32 32 33 33 33 33 33 33 33 33 33 33 33 33 33
2 2 2 2 2 2 2 2 2 2 2 11 2 2 2 2 2 2 12 12 2 12 12 12 12 12 12 12 61 61 61 12 12 12 3 4 12 2 12 12 62 12 12 12 12 2 2 2 10 12 12 12 2 2 2 2 33 33 33 33 33 33 33 33 33 33 33 33 33 33 33 33 33 48 48 33 33 33 48 33 48 33 33 33 33 33 33 33 33 33 33 33 33 33 33 33 33 33 33 33 33 33 33 33 33 33 33 33 33 33 33 33 33 33 33 33 33 33 33 33 33 32 32 32 32 32 32 34 34 34 34 32 32 32 32 32 32 32 32 32 32 32 32 32 32 32 32 33 33 33 33 33 33 33 33 33 33 33 33 33
2 2 2 2 2 2 2 2 2 2 2 2 2 2 2 2 2 2 12 12 12 12 12 12 12 12 12 12 12 12 61 62 12 12 8 9 12 12 12 61 61 12 12 12 12 12 11 2 12 12 12 12 2 2 2 2 33 33 33 33 33 33 33 33 33 33 33 33 33 33 33 48 48 33 33 33 33 33 48 48 48 33 33 33 33 33 33 33 33 33 33 33 33 33 33 33 33 33 33 33 33 33 33 33 33 33 33 33 33 33 33 33 33 33 33 33 33 33 33 33 33 32 32 32 32 32 32 34 34 34 34 32 32 32 32 32 32 32 32 32 32 32 32 32 32 32 32 33 33 33 33 33 33 33 33 33 33 33 33 33
2 2 2 2 2 2 2 2 2 2 2 2 2 2 2 2 2 2 12 12 12 10 3 4 2 12 12 12 12 12 12 62 61 12 18 12 12 61 61 61 61 12 12 12 12 12 12 12 12 12 12 12 2 2 2 2 33 33 33 33 33 33 33 33 33 33 33 48 48 48 48 33 33 33 33 33 33 33 48 48 48 48 48 48 48 33 33 33 33 33 33 33 48 33 33 33 33 33 33 33 33 33 33 33 33 33 33 33 33 33 33 33 33 33 33 33 33 33 33 33 33 32 32 32 32 32 32 32 32 32 32 32 32 32 32 32 32 32 32 32 32 32 32 32 32 32 38 33 33 33 33 33 33 33 33 33 33 33 33 33
2 2 2 2 2 2 2 2 2 2 2 2 2 2 2 2 2 2 12 12 12 12 8 9 12 12 12 12 12 2 12 12 61 12 12 61 61 62 61 62 12 12 1 12 12 12 12 12 12 12 12 12 2 2 2 2 33 33 33 33 33 33 33 33 33 33 33 33 33 33 33 33 33 33 33 33 33 33 48 48 33 48 48 48 33 48 48 48 48 48 48 48 48 33 33 33 33 33 33 33 33 33 33 33 33 33 33 33 33 33 33 33 33 33 33 33 33 33 33 33 33 32 32 32 32 32 32 32 32 32 32 32 32 35 32 35 32 35 32 32 32 32 32 32 32 36 37 33 33 33 33 33 33 33 33 33 33 33 33 33
2 2 2 2 2 2 2 2 2 2 2 2 2 2 2 2 2 2 12 12 18 12 12 12 12 12 12 12 12 12 12 12 62 61 61 61 62 12 12 12 2 12 12 12 12 12 12 12 12 12 12 12 2 2 2 2 33 33 33 33 33 33 33 33 33 33 33 33 33 33 33 33 33 33 33 33 33 33 33 48 48 48 33 33 33 33 33 33 33 33 33 48 33 33 33 33 33 33 33 33 33 33 33 33 33 33 33 33 33 33 33 33 33 33 33 33 33 33 33 33 33 33 33 33 33 33 44 45 32 32 45 44 33 33 33 33 33 33 33 33 33 33 33 33 33 33 33 33 33 33 33 33 33 33 33 33 33 33 33 33
11 11 2 2 2 2 11 2 2 2 2 2 11 2 2 2 2 2 12 12 12 12 11 12 12 2 12 12 12 12 12 12 12 12 61 61 12 10 12 12 12 12 12 12 12 12 12 12 12 12 12 12 2 2 2 2 33 33 33 33 33 33 33 33 33 33 33 33 33 33 33 33 33 33 33 33 33 33 48 48 48 33 33 33 33 33 33 33 33 33 33 48 33 33 33 33 33 33 33 33 47 38 32 32 32 32 32 32 32 32 31 32 31 32 31 32 32 32 32 32 32 32 32 32 32 32 32 32 32 32 32 32 32 32 32 32 32 32 32 37 33 33 33 33 33 33 33 33 33 33 33 33 33 33 33 33 33 33 33 33
2 2 2 2 2 2 2 2 2 2 2 2 11 2 2 2 2 2 12 12 12 12 12 12 12 12 12 12 63 64 65 12 12 12 61 62 12 1 12 12 12 12 12 12 2 12 12 12 11 12 12 2 2 2 2 2 33 33 33 33 33 33 33 33 33 33 33 33 33 33 33 33 33 33 48 48 48 48 48 48 48 33 33 33 33 33 33 33 33 33 48 33 33 33 33 33 33 33 33 33 46 36 32 32 32 32 32 32 32 32 32 32 32 32 32 32 32 32 32 32 32 32 32 32 32 32 32 32 32 32 32 32 32 32 32 32 32 32 32 36 33 33 33 33 33 33 33 33 33 33 33 33 33 33 33 33 33 33 33 33
2 2 2 2 2 2 2 2 2 2 2 2 2 2 2 2 2 2 12 12 12 12 12 12 12 12 12 12 66 12 67 12 12 61 62 61 12 12 12 12 12 12 12 12 12 12 12 12 12 12 12 2 2 2 2 11 33 33 33 33 33 33 33 33 33 33 33 33 33 33 33 33 33 33 48 48 48 48 48 48 33 33 33 33 33 33 33 33 33 48 33 33 33 33 33 33 33 33 33 33 36 38 32 32 32 32 32 32 32 32 32 32 32 32 32 32 32 32 32 32 32 32 32 32 32 32 32 32 32 32 32 32 32 32 32 32 32 32 32 32 33 33 33 33 33 33 33 33 33 33 33 33 33 33 33 33 33 33 33 33
2 2 2 2 2 2 2 2 2 2 2 2 2 2 2 2 2 2 2 12 12 12 12 12 2 12 12 12 12 61 12 12 61 61 61 12 12 12 12 12 12 2 12 12 12 12 12 12 12 12 12 2 2 2 2 2 33 33 33 33 33 33 33 48 48 48 48 48 48 48 48 48 48 48 33 33 33 33 33 33 33 33 33 33 33 33 33 33 48 33 33 33 33 33 33 33 33 33 33 33 32 32 32 32 32 34 34 34 34 34 34 34 34 34 34 34 34 34 34 34 34 34 34 34 34 34 34 34 34 34 34 34 34 34 34 32 32 32 32 32 33 33 33 33 33 33 33 33 33 33 33 33 33 33 33 33 33 33 33 33
2 2 2 2 2 2 11 2 2 2 2 2 2 2 2 2 2 2 2 12 12 12 12 12 12 12 12 12 12 12 12 61 61 62 12 12 12 12 12 12 12 63 64 65 2 12 12 12 12 12 2 2 2 2 2 2 33 33 33 33 33 48 48 48 48 33 33 33 33 33 33 33 33 33 33 33 33 33 33 33 48 48 48 33 33 33 33 33 48 33 33 33 33 33 33 33 33 33 33 33 32 32 32 32 32 34 34 34 34 34 34 34 34 34 34 34 34 34 34 34 34 34 34 34 34 34 34 34 34 34 34 34 34 34 34 32 32 32 32 32 33 33 33 33 33 33 33 33 33 33 33 33 33 33 33 33 33 33 33 33
2 2 2 2 2 2 11 2 2 2 2 2 2 2 2 11 2 2 2 2 12 12 12 12 12 12 2 12 12 12 61 61 62 12 12 12 12 2 12 12 12 66 12 67 12 12 12 12 12 2 2 2 2 11 2 2 33 33 33 33 33 33 33 33 33 33 33 33 33 33 33 33 33 33 33 33 33 33 33 33 33 33 33 48 48 48 48 48 33 33 33 33 33 33 33 33 33 33 33 33 32 32 32 32 32 34 34 34 34 34 34 34 34 34 34 34 34 34 34 34 34 34 34 34 34 34 34 34 34 34 34 34 34 34 34 32 32 32 32 32 33 33 33 33 33 33 33 33 33 33 33 33 33 33 33 33 33 33 33 33
2 2 2 2 2 2 2 2 2 2 2 2 2 2 2 2 2 2 2 2 2 2 12 12 12 12 10 12 12 12 61 62 12 13 12 12 12 12 12 12 12 12 61 62 10 12 12 12 12 2 2 2 2 2 2 2 33 33 33 33 33 33 33 33 33 33 33 33 33 33 33 33 33 33 33 33 33 33 33 33 33 33 33 33 33 33 33 33 33 33 33 33 33 33 33 33 33 33 33 33 32 32 32 32 32 34 34 34 34 34 34 34 34 34 34 34 34 34 34 34 34 34 34 34 34 34 34 34 34 34 34 34 34 34 34 32 32 32 32 32 33 33 33 33 33 33 33 33 33 33 33 33 33 33 33 33 33 33 33 33
2 2 2 2 2 2 2 2 2 2 2 2 2 2 2 2 2 2 2 2 2 2 2 2 12 12 12 12 12 12 61 62 12 12 12 12 12 12 18 11 12 61 61 12 12 12 12 12 2 2 2 2 2 2 2 2 33 33 33 33 33 33 33 33 33 33 33 33 33 33 33 33 33 33 33 33 33 33 33 33 33 33 33 33 33 33 33 33 33 33 33 33 33 33 33 33 33 33 33 33 32 32 32 32 32 32 32 32 32 32 32 32 32 32 32 32 32 38 34 34 34 34 38 32 32 32 32 32 32 32 32 32 32 32 32 32 32 32 32 32 33 33 33 33 33 33 33 33 33 33 33 33 33 33 33 33 33 33 33 33
2 2 2 2 2 2 2 2 2 2 2 11 2 2 2 2 2 2 2 2 2 2 2 2 12 12 12 12 12 12 61 12 13 12 13 12 61 61 62 61 62 61 12 12 12 12 12 2 2 2 2 2 2 2 2 2 33 33 33 33 33 33 33 33 33 33 33 33 33 33 33 33 33 33 33 33 33 33 33 33 33 33 33 33 33 33 33 33 33 33 33 33 33 33 33 33 33 33 33 33 49 50 51 32 32 32 32 32 32 32 47 32 32 32 32 32 32 32 34 34 34 34 32 32 32 32 32 32 32 47 32 32 32 32 32 32 32 32 32 37 33 33 33 33 33 33 33 33 33 33 33 33 33 33 33 33 33 33 33 33
2 2 2 11 11 2 2 2 2 2 2 2 2 2 2 2 11 2 2 2 2 2 2 2 2 2 12 18 12 12 62 61 61 61 61 62 61 62 61 61 61 12 12 18 12 12 2 11 2 2 2 11 2 2 2 2 33 33 33 33 33 33 33 33 33 33 33 33 33 33 33 33 33 33 33 33 33 33 33 33 33 33 33 33 33 33 33 33 33 33 33 33 33 33 33 33 33 33 33 33 52 53 54 32 32 32 32 32 32 32 46 32 32 32 32 32 32 32 34 34 34 34 32 32 32 32 32 32 32 46 32 32 32 32 32 32 32 32 37 37 33 33 33 33 33 33 33 33 33 33 33 33 33 33 33 33 33 33 33 33
2 2 2 2 2 2 2 2 2 2 2 2 2 2 2 2 2 2 2 2 2 2 2 2 2 2 2 2 12 12 12 61 62 61 12 12 12 12 62 12 12 12 12 12 2 2 2 2 2 2 2 2 2 2 2 2 33 33 33 33 33 33 33 33 33 33 33 33 33 33 33 33 33 33 33 33 33 33 33 33 33 33 33 33 33 33 33 33 33 33 33 33 33 33 33 33 33 33 33 33 33 33 33 33 33 33 33 33 33 33 33 32 32 32 32 32 32 32 34 34 34 34 32 32 32 32 32 32 32 33 33 33 33 33 33 33 33 33 33 33 33 33 33 33 33 33 33 33 33 33 33 33 33 33 33 33 33 33 33 33
2 2 2 2 2 2 2 2 2 2 2 2 2 2 2 2 2 2 2 2 2 2 2 2 2 2 2 2 2 12 61 12 18 12 12 12 12 12 12 12 12 12 2 2 2 2 2 2 2 2 2 2 2 2 2 2 33 33 33 33 33 33 33 33 33 33 33 33 33 33 33 33 33 33 33 33 33 33 33 33 33 33 33 33 33 33 33 33 33 33 33 33 33 33 33 33 33 33 33 33 33 33 33 33 33 33 33 33 33 33 33 32 32 32 32 32 32 32 34 34 34 34 32 32 32 32 32 32 32 33 33 33 33 33 33 33 33 33 33 33 33 33 33 33 33 33 33 33 33 33 33 33 33 33 33 33 33 33 33 33
2 2 2 2 2 2 2 2 2 2 2 2 2 2 2 2 2 2 2 2 11 2 2 2 2 2 2 2 2 61 61 12 2 2 2 2 2 2 2 2 2 2 2 2 2 2 2 2 11 2 2 2 2 2 2 2 33 33 33 33 33 33 33 33 33 33 33 33 33 33 33 33 33 33 33 33 33 33 33 33 33 33 33 33 33 33 33 33 33 33 33 33 33 33 33 33 33 33 33 33 33 33 33 33 33 33 33 33 33 33 33 32 32 32 32 32 32 32 34 34 34 34 32 32 32 32 32 32 32 33 33 33 33 33 33 33 33 33 33 33 33 33 33 33 33 33 33 33 33 33 33 33 33 33 33 33 33 33 33 33
2 2 2 2 2 2 2 2 2 11 2 2 2 2 2 2 2 2 2 2 2 2 2 11 2 2 2 2 2 12 12 12 2 2 2 11 2 2 2 2 2 2 2 2 2 2 11 2 2 2 2 2 2 2 11 2 33 33 33 33 33 33 33 33 33 33 33 33 33 33 33 33 33 33 33 33 33 33 33 33 33 33 33 33 33 33 33 33 33 33 33 33 33 33 33 33 33 33 33 33 33 33 33 33 33 33 33 33 33 33 33 32 32 32 32 32 32 32 34 34 34 34 32 32 32 32 32 32 32 33 33 33 33 33 33 33 33 33 33 33 33 33 33 33 33 33 33 33 33 33 33 33 33 33 33 33 33 33 33 33
2 2 2 2 2 2 2 2 2 2 2 2 2 2 2 2 2 2 2 2 2 2 2 11 2 2 2 2 2 61 62 12 2 2 2 2 2 2 11 2 2 2 2 2 2 2 2 2 11 2 2 2 2 2 11 2 33 33 33 33 33 33 33 33 33 33 33 33 33 33 33 33 33 33 33 33 33 33 33 33 33 33 33 33 33 33 33 33 33 33 33 33 33 33 33 33 33 33 33 33 33 33 33 33 33 33 33 33 33 33 33 32 32 32 32 32 32 32 34 34 34 34 32 32 32 32 32 32 32 33 33 33 33 33 33 33 33 33 33 33 33 33 33 33 33 33 33 33 33 33 33 33 33 33 33 33 33 33 33 33
2 2 2 11 2 2 2 2 2 2 2 2 2 2 2 2 2 2 2 2 2 2 2 2 2 2 2 2 2 12 62 12 2 2 2 2 11 2 2 2 2 2 11 2 2 2 2 2 2 2 2 2 2 2 11 2 33 33 33 33 33 33 33 33 33 33 33 33 33 33 33 33 33 33 33 33 33 33 33 33 33 33 33 33 33 33 33 33 33 33 33 33 33 33 33 33 33 33 33 33 33 33 33 33 33 33 33 33 33 33 33 32 32 32 32 32 32 32 34 34 34 34 32 32 32 32 32 32 32 33 33 33 33 33 33 33 33 33 33 33 33 33 33 33 33 33 33 33 33 33 33 33 33 33 33 33 33 33 33 33
2 2 2 2 2 2 2 2 2 2 2 2 2 2 2 2 2 2 2 2 11 2 2 2 2 2 2 2 2 12 61 12 2 2 2 2 2 2 2 2 2 2 11 2 2 11 2 2 2 2 2 2 2 2 2 2 33 33 33 33 33 33 33 33 33 33 33 33 33 33 33 33 33 33 33 33 33 33 33 33 33 33 33 33 33 33 33 33 33 33 33 33 33 33 33 33 33 33 33 33 33 33 33 33 33 33 33 33 33 33 33 32 32 32 32 32 32 32 32 32 32 32 32 32 32 32 32 32 32 33 33 33 33 33 33 33 33 33 33 33 33 33 33 33 33 33 33 33 33 33 33 33 33 33 33 33 33 33 33 33
2 2 2 2 2 2 2 2 2 2 2 2 2 2 2 2 2 2 2 2 2 2 2 2 2 2 2 2 12 12 62 61 2 2 2 2 2 2 2 2 2 2 2 2 2 11 2 2 2 2 2 2 2 2 2 2 33 33 33 33 33 33 33 33 33 33 33 33 33 33 33 33 33 33 33 33 33 33 33 33 33 33 33 33 33 33 33 33 33 33 33 33 33 33 33 33 33 33 33 33 33 33 33 33 33 33 33 33 33 33 33 32 32 49 50 51 32 32 32 32 32 32 32 32 49 50 51 32 32 33 33 33 33 33 33 33 33 33 33 33 33 33 33 33 33 33 33 33 33 33 33 33 33 33 33 33 33 33 33 33
2 2 2 2 2 2 2 11 2 2 2 2 2 2 2 11 2 2 2 2 2 2 2 2 2 2 2 2 12 62 61 61 2 2 11 2 2 2 11 11 2 2 2 2 2 2 2 2 2 2 2 2 11 2 2 2 33 33 33 33 33 33 33 33 33 33 33 33 33 33 33 33 33 33 33 33 33 33 33 33 33 33 33 33 33 33 33 33 33 33 33 33 33 33 33 33 33 33 33 33 33 33 33 33 33 33 33 33 33 33 33 32 32 52 53 54 32 32 32 32 32 32 32 32 52 53 54 32 32 33 33 33 33 33 33 33 33 33 33 33 33 33 33 33 33 33 33 33 33 33 33 33 33 33 33 33 33 33 33 33
2 2 2 2 2 2 11 11 2 2 2 2 2 2 2 2 2 2 2 2 2 2 2 11 2 2 2 12 12 62 61 12 2 2 11 2 2 2 11 2 2 2 2 2 2 2 2 2 2 11 2 2 11 2 2 2 33 33 33 33 33 33 33 33 33 33 33 33 33 33 33 33 33 33 33 33 33 33 33 33 33 33 33 33 33 33 33 33 33 33 33 33 33 33 33 33 33 33 33 33 33 33 33 33 33 33 33 33 33 33 33 32 32 32 32 32 32 32 32 32 32 32 32 32 32 32 32 32 32 33 33 33 33 33 33 33 33 33 33 33 33 33 33 33 33 33 33 33 33 33 33 33 33 33 33 33 33 33 33 33
2 2 2 2 2 2 2 2 2 2 2 2 2 2 2 2 2 2 2 2 2 2 2 2 2 2 2 12 61 61 12 2 2 2 2 2 2 2 11 11 2 2 2 2 2 2 2 2 2 2 2 2 11 2 2 2 33 33 33 33 33 33 33 33 33 33 33 33 33 33 33 33 33 33 33 33 33 33 33 33 33 33 33 33 33 33 33 33 33 33 33 33 33 33 33 33 33 33 33 33 33 33 33 33 33 33 33 33 33 33 33 33 33 33 33 33 33 44 45 32 32 45 44 33 33 33 33 33 33 33 33 33 33 33 33 33 33 33 33 33 33 33 33 33 33 33 33 33 33 33 33 33 33 33 33 33 33 33 33 33
2 2 2 2 2 2 2 2 2 2 11 2 2 2 2 2 2 2 2 2 2 2 2 2 2 2 2 12 62 12 2 2 2 11 2 2 2 2 2 2 2 2 2 2 2 11 2 11 11 2 2 2 2 2 2 2 33 33 33 33 33 33 33 33 33 33 33 33 33 33 33 33 33 33 33 33 33 33 33 33 33 33 33 33 32 32 32 33 33 33 33 33 33 33 33 33 33 33 33 33 37 38 32 32 32 32 32 32 31 32 31 32 31 32 31 32 32 32 32 32 32 32 32 32 32 31 32 31 32 31 32 31 32 32 32 32 32 32 32 47 33 33 33 33 33 33 33 33 33 33 33 33 33 33 33 33 33 33 33 33
2 11 2 2 2 2 2 2 2 2 2 2 2 2 2 2 2 2 2 2 2 2 2 2 11 2 2 12 61 12 2 2 2 11 2 2 2 2 2 2 2 2 2 2 2 2 2 2 11 2 2 2 2 2 2 2 33 33 33 33 33 33 33 33 33 33 33 33 33 33 33 33 33 33 33 33 33 33 33 33 32 32 32 32 32 32 32 32 32 32 32 33 33 33 33 33 33 33 33 33 36 32 32 32 32 32 32 32 32 32 32 32 32 32 32 32 32 32 32 32 32 32 32 32 32 32 32 32 32 32 32 32 32 32 32 32 32 32 37 46 33 33 33 33 33 33 33 33 33 33 33 33 33 33 33 33 33 33 33 33
2 2 2 2 2 2 2 2 2 2 2 2 2 11 2 2 2 2 2 11 2 2 2 2 2 2 2 12 61 62 2 2 2 2 2 2 2 2 2 2 2 2 11 2 2 2 2 2 2 2 2 2 2 2 2 2 33 33 33 33 33 33 33 33 33 33 33 33 33 33 33 33 33 33 33 33 33 33 33 33 32 32 32 32 32 32 32 32 32 32 32 33 33 33 33 33 33 33 33 55 32 32 32 32 32 32 32 32 32 32 32 32 32 32 32 32 32 32 34 34 34 34 32 32 32 32 32 32 32 32 32 32 32 32 32 32 32 32 32 37 33 33 33 33 33 33 33 33 33 33 33 33 33 33 33 33 33 33 33 33
2 2 2 2 2 2 2 2 2 2 2 2 2 2 2 2 2 2 2 2 2 2 12 12 12 12 12 12 61 12 12 2 2 2 11 2 2 2 2 2 2 2 2 2 2 2 11 2 2 2 2 2 2 2 2 2 33 33 33 33 33 33 33 33 33 33 33 33 33 33 33 33 33 33 33 33 33 33 33 33 32 32 32 32 32 32 32 32 32 32 32 33 33 33 33 33 33 33 33 32 32 32 32 32 32 32 32 32 32 32 32 32 32 32 32 32 32 32 34 34 34 34 32 32 32 32 32 32 32 32 32 32 32 32 32 32 32 32 32 32 33 33 33 33 33 33 33 33 33 33 33 33 33 33 33 33 33 33 33 33
2 2 2 2 2 11 2 11 2 2 2 2 2 2 2 2 2 2 2 2 2 3 4 12 12 12 12 61 12 12 12 12 12 12 2 2 2 11 2 2 2 2 2 2 2 2 11 2 2 2 11 2 2 2 2 2 33 33 33 33 33 33 33 33 33 33 33 33 33 33 33 33 33 33 33 33 33 33 33 55 32 32 32 32 49 50 51 32 32 32 32 33 33 33 33 33 33 32 32 32 32 32 32 32 32 32 32 32 32 32 32 32 32 32 32 32 32 32 34 34 34 34 32 32 32 32 32 32 32 32 32 32 32 32 32 32 32 32 32 32 33 33 33 33 33 33 33 33 33 33 33 33 33 33 33 33 33 33 33 33
2 2 2 2 2 2 2 2 2 2 2 2 2 2 2 2 2 2 2 2 2 8 9 12 12 12 12 12 61 12 12 12 12 12 12 12 2 2 2 2 2 2 11 2 2 2 2 2 2 11 11 2 2 2 2 2 33 33 33 33 33 33 33 33 33 33 33 33 33 33 33 33 33 33 33 33 33 33 33 32 32 32 32 32 52 53 54 32 32 32 32 33 33 33 33 33 32 32 32 32 32 32 32 32 32 32 32 32 32 32 32 32 32 32 32 49 50 51 34 34 34 34 49 50 51 32 32 32 32 32 32 32 32 32 32 47 32 32 32 32 33 33 33 33 33 33 33 33 33 33 33 33 33 33 33 33 33 33 33 33
2 2 2 2 2 2 2 2 2 2 2 2 2 2 2 2 2 11 2 2 12 12 12 12 12 12 12 62 12 61 12 12 12 12 12 12 2 2 2 2 2 2 2 2 2 2 2 2 2 11 2 2 2 2 2 2 33 33 33 33 33 33 33 33 33 33 33 33 33 33 33 33 33 33 33 33 33 33 33 32 32 32 38 34 34 34 34 34 32 32 32 33 33 33 32 32 32 32 32 32 32 32 32 32 32 32 32 32 32 32 32 32 32 32 32 52 53 54 34 34 34 34 52 53 54 32 32 32 32 32 32 32 32 32 32 46 32 32 32 32 33 33 33 33 33 33 33 33 33 33 33 33 33 33 33 33 33 33 33 33
2 11 2 2 2 2 2 2 2 2 2 2 12 12 12 2 2 2 2 2 12 12 12 12 12 12 12 61 61 12 12 12 12 12 12 12 2 2 11 2 2 11 2 2 2 2 2 2 2 2 2 2 2 2 2 2 33 33 33 33 33 33 33 33 33 33 33 33 33 33 33 33 33 33 33 33 33 33 33 32 32 32 34 34 34 34 34 34 34 32 32 32 55 32 32 32 32 32 32 32 32 32 32 32 32 34 34 34 34 34 34 34 34 34 34 34 34 34 34 34 34 34 34 34 34 34 34 34 34 34 34 34 34 34 34 32 32 32 32 32 33 33 33 33 33 33 33 33 33 33 33 33 33 33 33 33 33 33 33 33
2 2 2 2 2 2 2 11 2 2 2 12 12 12 12 12 1 2 0 12 11 12 12 12 12 12 12 12 62 61 12 12 12 12 12 12 2 2 11 2 2 2 2 2 2 11 2 2 2 2 2 2 2 2 2 2 33 33 33 33 33 33 33 33 33 33 33 33 33 33 33 33 33 33 33 33 33 33 33 32 32 32 34 34 34 34 34 34 34 32 32 32 32 32 32 32 32 32 32 32 32 32 32 32 32 34 34 34 34 34 34 34 34 34 34 34 34 34 34 34 34 34 34 34 34 34 34 34 34 34 34 34 34 34 34 32 32 32 32 32 33 33 33 33 33 33 33 33 33 33 33 33 33 33 33 33 33 33 33 33
2 2 2 2 2 2 2 2 2 2 2 12 12 12 12 12 12 12 12 12 12 2 2 12 12 12 12 12 61 61 61 12 3 4 12 12 2 2 2 2 2 2 2 2 2 2 2 2 2 2 2 2 2 2 2 2 33 33 33 33 33 33 33 33 33 33 33 33 33 33 33 33 33 33 33 33 33 33 33 32 32 32 34 34 34 34 34 34 34 32 32 32 32 32 32 32 32 32 32 32 32 32 32 32 32 34 34 34 34 34 34 34 34 34 34 34 34 34 34 34 34 34 34 34 34 34 34 34 34 34 34 34 34 34 34 32 32 32 32 32 33 33 33 33 33 33 33 33 33 33 33 33 33 33 33 33 33 33 33 33
2 2 2 2 2 2 2 2 2 2 2 12 12 12 3 4 12 12 12 12 12 12 12 0 12 12 12 2 12 61 62 12 8 9 12 2 2 2 2 2 2 2 2 2 2 2 2 2 2 2 2 2 2 2 2 2 33 33 33 33 33 33 33 33 33 33 33 33 33 33 33 33 33 33 33 33 33 33 33 32 32 32 34 34 34 34 34 34 34 32 32 32 55 32 32 32 32 32 32 32 32 32 32 32 32 34 34 34 34 34 34 34 34 34 34 34 34 34 34 34 34 34 34 34 34 34 34 34 34 34 34 34 34 34 34 47 32 32 32 32 33 33 33 33 33 33 33 33 33 33 33 33 33 33 33 33 33 33 33 33
11 2 2 2 2 2 2 2 2 2 2 12 12 12 8 9 12 12 12 2 12 12 12 12 12 12 12 12 62 61 61 12 12 12 12 2 2 2 2 11 2 2 2 2 2 2 2 2 2 2 2 2 2 2 2 2 33 33 33 33 33 33 33 33 33 33 33 33 33 33 33 33 33 33 33 33 33 33 33 32 32 32 38 34 34 34 34 34 32 32 32 33 33 33 32 32 32 32 32 32 32 32 32 32 32 32 32 32 32 32 32 32 32 32 32 49 50 51 34 34 34 34 49 50 51 32 32 32 32 32 32 32 32 32 32 46 32 32 32 32 33 33 33 33 33 33 33 33 33 33 33 33 33 33 33 33 33 33 33 33
2 2 2 2 2 11 2 2 2 2 2 2 12 12 12 12 0 12 12 12 12 1 12 11 12 1 61 61 61 61 61 12 12 12 12 2 2 2 2 11 2 2 2 11 11 11 2 2 2 2 2 2 2 2 2 2 33 33 33 33 33 33 33 33 33 33 33 33 33 33 33 33 33 33 33 33 33 33 33 55 32 32 32 32 49 50 51 32 32 32 32 33 33 33 33 33 32 32 32 32 32 32 32 32 32 32 32 32 32 32 32 32 32 32 32 52 53 54 34 34 34 34 52 53 54 32 32 32 32 32 32 32 32 32 32 32 32 32 32 32 33 33 33 33 33 33 33 33 33 33 33 33 33 33 33 33 33 33 33 33
2 2 2 2 2 2 2 2 2 2 2 2 12 12 12 12 12 12 12 12 12 12 12 12 2 12 61 61 62 12 12 2 12 12 12 2 2 2 2 2 2 2 11 2 2 2 2 2 2 2 2 2 2 2 2 2 33 33 33 33 33 33 33 33 33 33 33 33 33 33 33 33 33 33 33 33 33 33 33 33 32 32 32 32 52 53 54 32 32 32 32 33 33 33 33 33 33 32 32 32 32 32 32 32 32 32 32 32 32 32 32 32 32 32 32 32 32 32 34 34 34 34 32 32 32 32 32 32 32 32 32 32 32 32 32 32 32 32 32 32 33 33 33 33 33 33 33 33 33 33 33 33 33 33 33 33 33 33 33 33
2 2 2 2 2 2 2 2 2 2 11 2 12 12 12 12 12 12 12 12 2 12 12 12 12 62 61 61 1 12 12 12 12 12 2 2 2 2 2 2 2 2 2 2 2 2 2 2 2 2 2 2 2 2 2 2 33 33 33 33 33 33 33 33 33 33 33 33 33 33 33 33 33 33 33 33 33 33 33 33 32 32 32 32 32 32 32 32 32 32 32 33 33 33 33 33 33 33 33 32 32 32 32 32 32 32 32 32 32 32 32 32 32 32 32 32 32 32 34 34 34 34 32 32 32 32 32 32 32 32 32 32 32 32 32 32 32 32 32 32 33 33 33 33 33 33 33 33 33 33 33 33 33 33 33 33 33 33 33 33
2 11 11 2 2 2 2 2 2 2 2 2 12 12 12 12 12 12 12 12 12 12 12 1 12 61 61 61 12 12 12 12 12 12 2 2 2 2 2 2 2 2 2 2 2 2 2 2 11 2 2 2 2 2 2 2 33 33 33 33 33 33 33 33 33 33 33 33 33 33 33 33 33 33 33 33 33 33 33 33 32 32 32 32 32 32 32 32 32 32 32 33 33 33 33 33 33 33 33 55 32 32 32 32 32 32 32 32 32 32 32 32 32 32 32 32 32 32 34 34 34 34 32 32 32 32 32 32 32 32 32 32 32 32 32 32 32 32 32 32 33 33 33 33 33 33 33 33 33 33 33 33 33 33 33 33 33 33 33 33
2 2 11 2 2 2 2 2 2 11 2 2 2 2 0 12 12 12 12 12 2 12 12 12 61 61 61 12 2 12 12 12 12 12 2 2 2 11 2 2 2 2 2 2 2 2 2 2 11 2 2 2 2 2 2 2 33 33 33 33 33 33 33 33 33 33 33 33 33 33 33 33 33 33 33 33 33 33 33 33 33 33 33 33 32 32 32 33 33 33 33 33 33 33 33 33 33 33 33 33 37 32 32 32 32 32 32 32 32 32 32 32 32 32 32 32 32 32 32 32 32 32 32 32 32 32 32 32 32 32 32 32 32 32 32 32 32 32 32 47 33 33 33 33 33 33 33 33 33 33 33 33 33 33 33 33 33 33 33 33
2 2 2 2 2 2 2 2 2 2 2 2 2 2 12 12 12 12 12 12 12 12 1 12 61 62 61 12 12 1 12 12 0 2 2 2 2 11 2 2 2 2 2 2 2 2 11 2 11 2 2 2 2 2 2 2 33 33 33 33 33 33 33 33 33 33 33 33 33 33 33 33 33 33 33 33 33 33 33 33 33 33 33 33 33 33 33 33 33 33 33 33 33 33 33 33 33 33 33 33 37 37 32 32 32 32 32 32 35 32 35 32 35 32 35 32 32 32 32 32 32 32 32 32 32 35 32 35 32 35 32 35 32 32 32 32 32 32 37 46 33 33 33 33 33 33 33 33 33 33 33 33 33 33 33 33 33 33 33 33
2 2 2 2 2 2 2 2 2 2 2 2 2 2 2 2 12 12 12 12 12 12 0 62 61 61 12 12 12 12 12 12 12 2 2 2 2 2 2 2 11 2 2 2 2 2 11 11 11 2 2 2 2 2 2 2 33 33 33 33 33 33 33 33 48 48 48 48 48 48 48 33 33 33 33 33 33 33 33 33 33 33 33 33 33 33 33 33 33 33 33 33 33 33 33 33 33 33 33 33 33 33 33 33 33 33 33 33 33 33 33 33 33 33 33 33 33 33 33 33 33 33 33 33 33 33 33 33 33 33 33 33 33 33 33 33 33 33 33 33 33 33 33 33 33 33 33 33 33 33 33 33 33 33 33 33 33 33 33 33
2 2 2 2 2 11 2 2 2 2 11 2 2 2 2 2 2 3 4 12 12 12 12 61 61 61 12 11 12 12 12 12 2 2 2 2 2 2 2 2 11 2 2 2 2 2 2 11 2 2 2 2 2 2 2 2 33 33 33 33 33 48 48 48 33 33 33 33 33 33 33 48 48 48 48 48 48 33 33 33 33 33 33 33 33 33 33 33 33 33 33 33 33 33 33 33 33 33 33 33 33 33 33 33 33 33 33 33 33 33 33 33 33 33 33 33 33 33 33 33 33 33 33 33 33 33 33 33 33 33 33 33 33 33 33 33 33 33 33 33 33 33 33 33 33 33 33 33 33 33 33 33 33 33 33 33 33 33 33 33
2 2 2 2 2 2 2 2 2 2 2 2 2 2 2 2 2 8 9 12 12 12 12 61 60 62 12 12 12 12 0 12 2 2 2 11 2 2 2 2 2 2 2 2 2 2 2 2 2 2 2 2 2 2 2 2 33 33 33 48 48 33 33 33 33 33 33 33 33 33 33 33 33 33 33 33 33 48 48 48 48 33 33 33 33 33 33 33 33 33 33 33 33 33 33 33 33 33 33 33 33 33 33 33 33 33 33 33 33 33 33 33 33 33 33 33 33 33 33 33 33 33 33 33 33 33 33 33 33 33 33 33 33 33 33 33 33 33 33 33 33 33 33 33 33 33 33 33 33 33 33 33 33 33 33 33 33 33 33 33
2 2 2 2 2 2 2 2 2 2 11 2 2 2 2 2 2 12 12 12 12 12 12 60 59 60 12 12 12 12 12 2 2 2 2 2 2 2 2 2 2 2 2 2 2 2 2 2 2 2 2 2 2 2 2 2 33 33 33 48 33 33 33 33 33 33 33 48 48 48 48 33 33 33 33 33 33 33 33 33 33 48 48 33 33 33 33 33 33 33 33 33 33 33 33 33 33 33 33 33 33 33 33 33 33 33 33 33 33 33 33 33 33 33 33 33 33 33 33 33 33 33 33 33 33 33 33 33 33 33 33 33 33 33 33 33 33 33 33 33 33 33 33 33 33 33 33 33 33 33 33 33 33 33 33 33 33 33 33 33
2 2 2 11 2 2 2 2 2 2 2 2 2 2 2 2 2 2 2 2 12 12 12 12 60 12 12 12 12 12 2 2 2 2 2 2 2 11 11 2 2 2 2 2 2 2 2 2 2 2 2 2 2 2 2 2 33 33 33 48 33 33 33 33 33 48 48 48 33 33 48 33 33 33 33 33 33 33 33 33 33 33 33 48 33 33 33 33 33 33 33 33 33 33 33 33 33 33 33 33 33 33 33 33 33 33 33 33 33 33 33 33 33 33 33 33 33 33 33 33 33 33 33 33 33 33 33 33 33 33 33 33 33 33 33 33 33 33 33 33 33 33 33 33 33 33 33 33 33 33 33 33 33 33 33 33 33 33 33 33
2 2 2 11 11 2 2 2 2 2 2 2 2 2 2 2 2 2 2 2 2 12 12 12 12 12 12 12 12 12 2 2 2 2 2 2 2 11 2 2 2 2 2 2 2 2 2 2 2 2 2 2 2 2 2 2 33 33 33 48 48 48 33 33 48 48 33 33 33 33 33 33 33 33 33 33 33 33 33 33 33 33 33 48 33 33 33 33 33 33 33 33 33 33 33 33 33 33 33 33 33 33 33 33 33 33 33 33 33 33 33 33 33 33 33 33 33 33 33 33 33 33 33 33 33 33 33 33 33 33 33 33 33 33 33 33 33 33 33 33 33 33 33 33 33 33 33 33 33 33 33 33 33 33 33 33 33 33 33 33
2 2 2 2 2 2 2 2 2 2 2 2 11 2 2 2 2 2 2 2 2 2 2 2 2 2 2 2 2 2 2 2 2 11 11 2 2 2 2 2 2 2 2 11 2 11 2 2 2 2 2 2 2 2 2 2 33 33 33 33 33 33 48 48 48 33 33 48 48 48 48 48 48 48 48 48 48 48 48 48 33 33 48 33 33 33 33 33 33 33 33 33 33 33 33 33 33 33 33 33 33 33 33 33 33 33 33 33 33 33 33 33 33 33 33 33 33 33 33 33 33 33 33 33 33 33 33 33 33 33 33 33 33 33 33 33 33 33 33 33 33 33 33 33 33 33 33 33 33 33 33 33 33 33 33 33 33 33 33 33
2 2 2 2 2 2 2 2 2 2 2 2 2 2 2 2 11 11 2 2 2 2 2 2 2 2 2 2 2 2 2 2 11 2 2 2 2 2 2 2 2 2 2 2 2 2 2 2 2 2 2 2 2 2 2 2 33 33 33 33 33 33 33 48 33 48 48 48 48 48 33 33 33 33 33 33 33 33 33 48 48 48 48 48 48 48 48 48 33 33 33 33 33 33 33 33 33 33 33 33 33 33 33 33 33 33 33 33 33 33 33 33 33 33 33 33 33 33 33 33 33 33 33 33 33 33 33 33 33 33 33 33 33 33 33 33 33 33 33 33 33 33 33 33 33 33 33 33 33 33 33 33 33 33 33 33 33 33 33 33
2 2 2 2 2 11 11 2 2 2 2 2 2 2 2 2 2 11 2 2 2 2 2 2 2 2 2 2 2 2 2 2 2 2 2 2 2 2 2 2 2 2 2 2 2 2 2 2 2 2 2 2 2 2 2 2 33 33 33 33 33 33 33 48 48 48 48 48 33 33 33 33 33 33 33 33 33 33 33 48 33 33 33 33 33 33 33 33 48 48 48 48 48 48 48 48 48 48 48 48 48 48 48 48 48 33 33 33 33 33 33 33 33 33 33 33 33 33 33 33 33 33 33 33 33 33 33 33 33 33 33 33 33 33 33 33 33 33 33 33 33 33 33 33 33 33 33 33 33 33 33 33 33 33 33 33 33 33 33 33
2 2 2 2 2 2 2 2 2 2 2 2 2 2 11 2 2 2 2 2 2 2 11 2 2 11 11 2 2 2 2 2 2 2 2 2 2 2 2 2 2 2 2 2 2 2 2 2 2 2 2 2 2 2 2 2 33 33 33 33 33 33 33 33 33 33 33 48 48 48 33 33 33 33 33 33 33 48 48 33 33 33 33 33 33 33 33 33 33 33 33 33 33 33 33 33 33 33 33 33 33 33 33 33 33 33 33 33 33 33 33 33 33 33 33 33 33 33 33 33 33 33 33 33 33 33 33 33 33 33 33 33 33 33 33 33 33 33 33 33 33 33 33 33 33 33 33 33 33 33 33 33 33 33 33 33 33 33 33 33
2 2 2 2 2 2 2 2 2 2 2 2 2 2 2 2 2 2 11 2 2 2 2 2 2 2 2 2 2 2 11 2 2 2 11 11 2 2 2 2 2 2 2 11 2 2 2 2 2 2 2 2 2 2 2 2 33 33 33 33 33 33 33 33 33 33 33 33 33 33 48 48 48 48 48 48 48 33 33 33 33 33 33 33 33 33 33 33 33 33 33 33 33 33 33 33 33 33 33 33 33 33 33 33 33 33 33 33 33 33 33 33 33 33 33 33 33 33 33 33 33 33 33 33 33 33 33 33 33 33 33 33 33 33 33 33 33 33 33 33 33 33 33 33 33 33 33 33 33 33 33 33 33 33 33 33 33 33 33 33
2 2 2 2 2 2 2 2 2 2 2 2 2 2 2 2 2 2 2 2 2 2 2 2 2 2 2 2 2 2 2 2 2 2 2 11 2 2 2 2 2 2 2 11 2 2 2 2 2 2 2 2 2 2 2 2 33 33 33 33 33 33 33 33 33 33 33 33 33 33 33 33 33 33 33 33 33 33 33 33 33 33 33 33 33 33 33 33 33 33 33 33 33 33 33 33 33 33 33 33 33 33 33 33 33 33 33 33 33 33 33 33 33 33 33 33 33 33 33 33 33 33 33 33 33 33 33 33 33 33 33 33 33 33 33 33 33 33 33 33 33 33 33 33 33 33 33 33 33 33 33 33 33 33 33 33 33 33 33 33
2 2 2 11 2 2 2 2 2 2 2 2 2 2 2 2 2 2 2 2 2 2 2 2 2 2 2 2 2 2 2 2 2 2 2 11 2 2 2 2 2 2 2 2 2 2 2 2 2 2 2 2 2 2 2 2 33 33 33 33 33 33 33 33 33 33 33 33 33 33 33 33 33 33 33 33 33 33 33 33 33 33 33 33 33 33 33 33 33 33 33 33 33 33 33 33 33 33 33 33 33 33 33 33 33 33 33 33 33 33 33 33 33 33 33 33 33 33 33 33 33 33 33 33 33 33 33 33 33 33 33 33 33 33 33 33 33 33 33 33 33 33 33 33 33 33 33 33 33 33 33 33 33 33 33 33 33 33 33 33
2 2 2 2 2 2 2 11 11 2 2 11 2 2 2 2 2 2 2 2 2 2 2 2 11 2 2 2 2 2 2 2 2 2 2 2 2 2 2 2 2 2 2 2 2 2 2 2 2 2 2 2 2 2 2 2 33 33 33 33 33 33 33 33 33 33 33 33 33 33 33 33 33 33 33 33 33 33 33 33 33 33 33 33 33 33 33 33 33 33 33 33 33 33 33 33 33 33 33 33 33 33 33 33 33 33 33 33 33 33 33 33 33 33 33 33 33 33 33 33 33 33 33 33 33 33 33 33 33 33 33 33 33 33 33 33 33 33 33 33 33 33 33 33 33 33 33 33 33 33 33 33 33 33 33 33 33 33 33 33
2 2 2 2 2 2 2 2 2 2 2 2 2 2 2 2 2 2 2 2 2 2 2 2 2 2 2 2 2 2 2 2 2 2 2 2 2 2 2 2 2 11 2 2 2 2 2 2 2 2 2 2 2 2 2 2 33 33 33 33 33 33 33 33 33 33 33 33 33 33 33 33 33 33 33 33 33 33 33 33 33 33 33 33 33 33 33 33 33 33 33 33 33 33 33 33 33 33 33 33 33 33 33 33 33 33 33 33 33 33 33 33 33 33 33 33 33 33 33 33 33 33 33 33 33 33 33 33 33 33 33 33 33 33 33 33 33 33 33 33 33 33 33 33 33 33 33 33 33 33 33 33 33 33 33 33 33 33 33 33
2 2 2 2 2 2 2 2 2 2 2 2 2 2 11 11 2 2 2 2 2 2 2 2 2 2 2 2 11 11 2 2 2 2 2 2 2 2 2 2 2 2 2 2 2 2 2 2 2 2 2 2 2 2 2 2 33 33 33 33 33 33 33 33 33 33 33 33 33 33 33 33 33 33 33 33 33 33 33 33 33 33 33 33 33 33 33 33 33 33 33 33 33 33 33 33 33 33 33 33 33 33 33 33 33 33 33 33 33 33 33 33 33 33 33 33 33 33 33 33 33 33 33 33 33 33 33 33 33 33 33 33 33 33 33 33 33 33 33 33 33 33 33 33 33 33 33 33 33 33 33 33 33 33 33 33 33 33 33 33
2 11 11 2 2 2 2 2 2 2 2 2 2 2 2 2 2 2 2 2 2 2 2 2 2 2 2 2 11 2 2 2 11 2 2 2 2 2 2 2 2 2 2 2 2 2 2 2 2 2 2 2 2 2 2 2 33 33 33 33 33 33 33 33 33 33 33 33 33 33 33 33 33 33 33 33 33 33 33 33 33 33 33 33 33 33 33 33 33 33 33 33 33 33 33 33 33 33 33 33 33 33 33 33 33 33 33 33 33 33 33 33 33 33 33 33 33 33 33 33 33 33 33 33 33 33 33 33 33 33 33 33 33 33 33 33 33 33 33 33 33 33 33 33 33 33 33 33 33 33 33 33 33 33 33 33 33 33 33 33
2 2 2 2 2 11 11 2 2 2 2 2 2 2 2 11 11 11 2 11 11 2 2 11 2 2 2 2 2 2 2 2 2 2 11 11 2 2 2 2 2 2 2 2 2 2 2 2 2 2 2 2 2 2 2 2 33 33 33 33 33 33 33 33 33 33 33 33 33 33 33 33 33 33 33 33 33 33 33 33 33 33 33 33 33 33 33 33 33 33 33 33 33 33 33 33 33 33 33 33 33 33 33 33 33 33 33 33 33 33 33 33 33 33 33 33 33 33 33 33 33 33 33 33 33 33 33 33 33 33 33 33 33 33 33 33 33 33 33 33 33 33 33 33 33 33 33 33 33 33 33 33 33 33 33 33 33 33 33 33
2 2 2 2 2 2 2 2 2 2 2 2 2 2 2 2 2 2 2 2 2 2 2 2 2 2 2 2 2 2 2 2 2 2 2 2 2 2 2 2 2 2 2 2 2 2 2 2 2 2 2 2 2 2 2 2 33 33 33 33 33 33 33 33 33 33 33 33 33 33 33 33 33 33 33 33 33 33 33 33 33 33 33 33 33 33 33 33 33 33 33 33 33 33 33 33 33 33 33 33 33 33 33 33 33 33 33 33 33 33 33 33 33 33 33 33 33 33 33 33 33 33 33 33 33 33 33 33 33 33 33 33 33 33 33 33 33 33 33 33 33 33 33 33 33 33 33 33 33 33 33 33 33 33 33 33 33 33 33 33
